52063
52480
8452
26754
59003
67487
55813
50490
60830
4135
3376
48536
64380
66476
15880
40881
9151
23898
6977
50575
706
64535
2888
36787
68997
4811
56652
16631
33328
68709
39967
20002
51771
44502
32058
50396
50927
32601
35682
40732
65588
38502
23034
68399
845
61506
6775
17962
59961
8188
61685
2937
23493
51078
66706
46421
59532
1877
22172
51184
27760
63365
43300
24440
14250
62035
52809
43067
46504
22841
62836
56422
15755
12235
68269
57193
35264
65101
30134
25947
20502
21688
43286
4148
58407
5129
37843
35386
42054
19319
39975
49915
9921
48591
56574
14404
3624
28134
41031
54118
55602
32010
7248
4385
41951
44691
7682
52300
55329
21872
27273
19253
386
57542
31279
58072
10473
22030
45910
7104
13802
44828
59070
2620
24267
46620
66064
9
56361
62984
1057
21271
45827
12932
1137
46734
45581
7429
52473
29617
66401
32484
41513
52888
20815
22979
51632
3179
29572
16868
2021
60283
37943
9893
52681
67202
21728
46225
61701
38429
62764
60986
57827
45120
33887
55014
50207
64215
53848
9622
47548
65916
40762
21187
49194
48861
49763
58913
14131
44663
54485
22270
34774
54827
24506
29087
47334
65880
20995
35695
65360
36118
57578
39527
12239
37286
46527
32639
66715
24557
28688
11627
32626
61907
1100
66793
62562
43923
53090
42771
31922
23249
218
40315
36222
65397
4659
36368
51715
68347
29706
62543
40675
5875
58892
9861
4031
39532
66201
63738
34322
38585
65161
49907
40628
33523
25587
51151
59256
9442
55372
63526
16488
51051
66299
57939
53789
10803
34378
23888
9404
63361
10631
6690
26715
36472
25464
42335
1859
7311
8910
46018
54171
51697
26346
27018
60876
42902
57532
1342
55630
40014
39298
48313
12597
14261
4652
39157
28894
25024
21176
67746
53941
30084
47638
31919
31332
29582
32393
39907
57877
52496
44838
20938
22454
50569
23520
69440
19113
68747
22864
29796
25115
53183
63133
49045
23859
64732
61599
22800
35530
61404
56850
48185
7967
37338
22286
41137
29417
68248
54422
59664
31246
13473
12650
61789
4579
47564
46907
51583
10511
55530
15785
64854
41549
2342
30831
52470
62801
49332
38619
66013
26751
63250
50507
20263
32521
60906
39328
35996
24831
45228
1754
13208
10724
61600
35586
19584
37158
27429
26486
14403
50766
12178
26712
